benchmark=ada_a1_gpu_timestamp_3way
git_sha=d7aacd1516a1cab8c8602df12c58116d704a27e0
device_name=NVIDIA Tegra NVIDIA Thor
device_type=IntegratedGpu
backend=Vulkan
driver=NVIDIA
driver_info=580.00
software_adapter=false
timestamp_query=true
timestamp_period_ns=1
warmup=5
samples=15
inner_dispatches=4
seq_lens=[32, 128]
head_dims=[8, 64, 128]
timing_scope=gpu_compute_pass_timestamp_per_dispatch
sample_order=cyclic_q4_a1_a1b_then_a1_a1b_q4_then_a1b_q4_a1
uploads_in_timing=false
readback_in_timing=false
pipeline_compile_in_timing=false
correctness_gate=cpu_oracle_and_three_way_gpu_parity_before_timing
baseline=flat_fwd.wgsl
branched=flat_fwd_ada_a1.wgsl
branchless=ada_a1_branchless_wgsl()
batch,heads,seq_len,head_dim,causal,baseline_median_ns,baseline_p95_ns,baseline_mad_ns,branched_median_ns,branched_p95_ns,branched_mad_ns,branchless_median_ns,branchless_p95_ns,branchless_mad_ns,speedup_baseline_over_branched,speedup_baseline_over_branchless,speedup_branched_over_branchless
1,1,32,8,false,81184.000,81704.000,136.000,86832.000,87672.000,136.000,85680.000,85848.000,112.000,0.934955,0.947526,1.013445
1,1,32,8,true,80608.000,81192.000,96.000,86184.000,88928.000,256.000,84728.000,85288.000,80.000,0.935301,0.951374,1.017184
1,1,32,64,false,83264.000,85168.000,176.000,88792.000,90440.000,88.000,87544.000,90064.000,248.000,0.937742,0.951110,1.014256
1,1,32,64,true,82656.000,83280.000,112.000,88168.000,89664.000,288.000,86768.000,87344.000,72.000,0.937483,0.952609,1.016135
1,1,32,128,false,91784.000,92320.000,320.000,97384.000,98408.000,464.000,96032.000,98712.000,192.000,0.942496,0.955765,1.014079
1,1,32,128,true,90912.000,94864.000,120.000,96512.000,97088.000,112.000,95400.000,96664.000,448.000,0.941976,0.952956,1.011656
1,1,128,8,false,313160.000,314424.000,120.000,337304.000,338096.000,160.000,331792.000,333920.000,216.000,0.928421,0.943844,1.016613
1,1,128,8,true,312568.000,314000.000,232.000,335648.000,337784.000,352.000,330528.000,332136.000,352.000,0.931237,0.945663,1.015490
1,1,128,64,false,321320.000,323352.000,552.000,344752.000,346568.000,464.000,339160.000,340976.000,472.000,0.932032,0.947399,1.016488
1,1,128,64,true,320048.000,322384.000,312.000,343480.000,345416.000,664.000,338200.000,340240.000,280.000,0.931781,0.946328,1.015612
1,1,128,128,false,353752.000,355992.000,264.000,377016.000,379592.000,224.000,371168.000,374216.000,576.000,0.938294,0.953078,1.015756
1,1,128,128,true,353080.000,355760.000,344.000,375944.000,377944.000,336.000,370528.000,372560.000,352.000,0.939182,0.952910,1.014617
performance_claim=measurement_only_no_production_routing_change
